0.000 3.000
0.020 2.986
0.040 2.974
0.060 2.962
0.080 2.951
0.100 2.941
0.120 2.932
0.140 2.924
0.160 2.917
0.180 2.911
0.200 2.905
0.220 2.900
0.240 2.896
0.260 2.893
0.280 2.890
0.300 2.888
0.320 2.887
0.340 2.886
0.360 2.886
0.380 2.886
0.400 2.886
0.420 2.887
0.440 2.889
0.460 2.890
0.480 2.892
0.500 2.895
0.520 2.897
0.540 2.900
0.560 2.903
0.580 2.906
0.600 2.909
0.620 2.912
0.640 2.915
0.660 2.918
0.680 2.922
0.700 2.925
0.720 2.928
0.740 2.932
0.760 2.936
0.780 2.939
0.800 2.943
0.820 2.947
0.840 2.951
0.860 2.956
0.880 2.961
0.900 2.966
0.920 2.972
0.940 2.978
0.960 2.985
0.980 2.993
1.000 3.001
